2 0.44921875 0.49609375 0.1171875 0.17578125
2 0.578125 0.8125 0.13671875 0.0234375
2 0.57421875 0.76171875 0.0234375 0.03515625
2 0.6015625 0.67578125 0.0234375 0.05078125
2 0.7109375 0.59765625 0.02734375 0.03515625
2 0.75 0.609375 0.0234375 0.04296875
2 0.69140625 0.69921875 0.03125 0.046875
2 0.75390625 0.51171875 0.0234375 0.04296875
2 0.9453125 0.19921875 0.02734375 0.0390625
2 0.859375 0.3359375 0.0234375 0.046875
2 0.8984375 0.24609375 0.0234375 0.02734375
2 0.5703125 0.3125 0.015625 0.046875
2 0.5078125 0.3671875 0.03515625 0.0234375
2 0.5234375 0.953125 0.03125 0.03125
