2 0.73828125 0.48828125 0.109375 0.19140625
1 0.26171875 0.42578125 0.06640625 0.1328125
2 0.2421875 0.18359375 0.0703125 0.0859375
2 0.41015625 0.22265625 0.0234375 0.0625
2 0.5234375 0.40625 0.03125 0.0234375
2 0.5625 0.44921875 0.02734375 0.046875
2 0.60546875 0.67578125 0.01953125 0.0546875
2 0.5546875 0.6953125 0.015625 0.046875
2 0.578125 0.6953125 0.015625 0.04296875
2 0.53515625 0.66796875 0.015625 0.04296875
2 0.55078125 0.80078125 0.01171875 0.03515625
2 0.53125 0.8359375 0.02734375 0.046875
2 0.59765625 0.91796875 0.02734375 0.04296875
2 0.59375 0.859375 0.0390625 0.0390625
