2 0.34765625 0.5546875 0.078125 0.1015625
2 0.37109375 0.4921875 0.03125 0.046875
2 0.41015625 0.5390625 0.03515625 0.05078125
2 0.5703125 0.484375 0.046875 0.05078125
2 0.63671875 0.5546875 0.0390625 0.0859375
2 0.671875 0.4140625 0.15625 0.1875
2 0.55078125 0.3984375 0.04296875 0.07421875
2 0.11328125 0.60546875 0.03515625 0.046875
2 0.078125 0.8671875 0.0234375 0.0234375
2 0.20703125 0.75390625 0.01171875 0.0234375
2 0.15234375 0.5703125 0.01171875 0.02734375
2 0.7421875 0.18359375 0.00390625 0.0234375
