1 0.375 0.546875 0.0234375 0.0625
1 0.3828125 0.48828125 0.03515625 0.03515625
1 0.40234375 0.48828125 0.0390625 0.05859375
1 0.4453125 0.4921875 0.04296875 0.0234375
1 0.4921875 0.4921875 0.02734375 0.06640625
1 0.41796875 0.51953125 0.05078125 0.03515625
1 0.44140625 0.546875 0.05859375 0.01953125
1 0.39453125 0.546875 0.03125 0.03125
1 0.41796875 0.57421875 0.0390625 0.03125
1 0.46484375 0.58984375 0.0390625 0.0546875
1 0.31640625 0.7421875 0.04296875 0.06640625
1 0.515625 0.66015625 0.05078125 0.02734375
1 0.53125 0.765625 0.046875 0.05078125
1 0.51953125 0.30859375 0.01953125 0.0625
1 0.3984375 0.0703125 0.02734375 0.0546875
