2 0.11328125 1.25390625 0.1875 0.140625
2 0.359375 1.05859375 0.078125 0.07421875
2 0.4453125 0.9375 0.19140625 0.1875
2 0.28125 0.94140625 0.05078125 0.08984375
2 0.07421875 1.0859375 0.05078125 0.08203125
2 0.10546875 0.8125 0.05078125 0.0703125
2 0.3125 0.609375 0.09375 0.0703125
2 0.2890625 0.4921875 0.08203125 0.0546875
2 0.18359375 0.47265625 0.0859375 0.06640625
2 0.23046875 0.44921875 0.02734375 0.03125
2 0.33203125 0.44140625 0.03515625 0.04296875
2 0.69921875 0.59765625 0.0859375 0.06640625
2 0.3671875 0.734375 0.0390625 0.05078125
2 0.0546875 0.44140625 0.05078125 0.0390625
2 0.42578125 1.1953125 0.07421875 0.04296875
2 0.6796875 1.21875 0.03515625 0.046875
2 0.40234375 0.30078125 0.0390625 0.02734375
2 0.22265625 0.3359375 0.0234375 0.01171875
2 0.38671875 0.546875 0.08203125 0.06640625
2 0.42578125 0.80859375 0.046875 0.02734375
2 0.3515625 0.84375 0.05078125 0.05078125
2 0.2109375 0.5546875 0.10546875 0.046875
9 0.10546875 0.62890625 0.0859375 0.11328125
9 0.46875 0.48046875 0.08984375 0.07421875
9 0.5625 0.515625 0.046875 0.09375
