2 0.7265625 0.578125 0.0 0.0
2 0.66796875 0.6171875 0.125 0.1875
2 0.55859375 0.25 0.05078125 0.09375
1 0.54296875 0.1875 0.06640625 0.1171875
2 0.49609375 0.4375 0.0234375 0.078125
2 0.609375 0.44140625 0.01171875 0.0390625
2 0.77734375 0.67578125 0.01953125 0.046875
1 0.05859375 0.53515625 0.01953125 0.02734375
1 0.2109375 0.2734375 0.046875 0.15625
2 0.3359375 0.47265625 0.0234375 0.08203125
2 0.1953125 0.43359375 0.0390625 0.015625
2 0.1328125 0.37890625 0.0234375 0.0390625
1 0.234375 0.62890625 0.05078125 0.08984375
1 0.30859375 0.640625 0.02734375 0.02734375
1 0.1171875 0.5625 0.01171875 0.03515625
