2 0.46484375 0.55078125 0.09765625 0.140625
2 0.37890625 0.59765625 0.02734375 0.015625
2 0.40234375 0.640625 0.01953125 0.02734375
2 0.39453125 0.66015625 0.01953125 0.015625
2 0.5859375 0.40234375 0.02734375 0.03125
2 0.4921875 0.359375 0.04296875 0.0859375
2 0.51171875 0.171875 0.01171875 0.03515625
2 0.46484375 0.16796875 0.01171875 0.0390625
2 0.49609375 0.05859375 0.015625 0.03515625
2 0.23046875 0.5234375 0.07421875 0.05078125
2 0.359375 0.80859375 0.01171875 0.02734375
2 0.41015625 0.91015625 0.0234375 0.01171875
2 0.4140625 0.92578125 0.0234375 0.015625
2 0.45703125 0.83203125 0.0234375 0.02734375
