2 0.53515625 0.1875 0.04296875 0.08984375
2 0.63671875 0.22265625 0.0234375 0.05859375
2 0.43359375 0.31640625 0.109375 0.22265625
2 0.50390625 0.359375 0.02734375 0.05078125
2 0.5 0.390625 0.03125 0.02734375
2 0.4765625 0.53515625 0.03125 0.03125
2 0.48828125 0.55078125 0.03125 0.0234375
2 0.5390625 0.73828125 0.01953125 0.046875
2 0.41796875 0.75390625 0.0234375 0.0234375
2 0.41796875 0.69140625 0.0078125 0.05078125
2 0.3984375 0.875 0.02734375 0.0625
2 0.19921875 0.796875 0.0234375 0.04296875
2 0.29296875 0.76953125 0.015625 0.046875
2 0.50390625 0.7421875 0.0390625 0.1875
