2 0.46875 0.39453125 0.09765625 0.07421875
2 0.5234375 0.265625 0.01953125 0.08984375
2 0.55078125 0.21875 0.03125 0.08984375
2 0.5625 0.30859375 0.04296875 0.078125
2 0.55859375 0.4140625 0.0546875 0.0859375
2 0.46875 0.453125 0.05859375 0.07421875
2 0.4609375 0.53515625 0.0703125 0.07421875
2 0.48046875 0.484375 0.0546875 0.0625
2 0.46484375 0.7109375 0.05078125 0.02734375
2 0.3984375 0.6484375 0.02734375 0.05859375
2 0.3984375 0.58984375 0.05859375 0.05859375
2 0.26171875 0.68359375 0.0390625 0.10546875
2 0.01953125 0.56640625 0.04296875 0.0703125
