2 0.35546875 0.421875 0.09765625 0.0390625
2 0.5078125 0.35546875 0.08984375 0.0703125
2 0.84765625 0.5390625 0.1875 0.1484375
2 0.74609375 0.63671875 0.02734375 0.0234375
2 0.28515625 0.5234375 0.01953125 0.0234375
2 0.1328125 0.29296875 0.0625 0.0546875
2 0.05078125 0.28515625 0.10546875 0.07421875
2 0.0859375 0.14453125 0.171875 0.078125
2 0.796875 0.40234375 0.109375 0.05859375
2 0.80859375 0.4375 0.05859375 0.01953125
2 0.30078125 0.3359375 0.046875 0.03125
2 0.36328125 0.31640625 0.09375 0.0546875
2 0.6484375 0.2265625 0.04296875 0.05859375
2 0.99609375 0.53515625 0.046875 0.01953125
